# vline PC1 -1 & hline PC2 -24
OUTLIER_samples <- c(
  "SRR5241783", "SRR9733960", "SRR9733958", "SRR15406573", "SRR8669937",
  "SRR5241781", "SRR8669940", "SRR28007131", "SRR28007018", "SRR28007079",
  "SRR16522705", "SRR28007092", "SRR28007081", "SRR28007133", "SRR16522707",
  "SRR16522708", "SRR28007072", "SRR16522706", "SRR8669931", "SRR28007122",
  "SRR28007034", "SRR28007155", "SRR16522692", "SRR28007132", "SRR16522690",
  "SRR8669932", "SRR8669936", "SRR16522693", "SRR16522689", "SRR28007020",
  "SRR16522691", "SRR16522694", "SRR28007089", "SRR8669933"
)
subset <- 'vh'

# vline PC1 -1
OUTLIER_samples <- c(
  "SRR15406573", 
  "SRR28007131", "SRR28007018", "SRR28007079",
  "SRR16522705", "SRR28007092", "SRR28007081", "SRR28007133", "SRR16522707",
  "SRR16522708", "SRR28007072", "SRR16522706", "SRR8669931", "SRR28007122",
  "SRR28007034", "SRR28007155", "SRR16522692", "SRR28007132", "SRR16522690",
  "SRR8669932", "SRR8669936", "SRR16522693", "SRR16522689", "SRR28007020",
  "SRR16522691", "SRR16522694", "SRR28007089", "SRR8669933"
)
subset <- 'v'