OUTLIER_samples <- c(
    "SRR15406573", "SRR28007131", "SRR28007092", "SRR8669936",  "SRR16522693", "SRR28007020")